100
66177
99329
67073
33921
641
129
98817
34305
33793
33
66049
1
99873
1025
129
1537
66209
65697
1057
33953
33281
1
641
1057
1153
1537
67233
34305
33953
32897
1569
33
1025
99489
33825
513
98305
99841
98433
545
66049
99457
66049
65537
98433
34337
100001
65665
67201
98945
65697
99329
66721
32897
33953
33953
1185
99361
32929
98465
67201
67073
65569
99969
65665
99841
33441
98817
129
98433
129
32897
33953
65697
1569
129
1697
32897
545
32897
33921
34433
33313
33313
98305
1537
98337
66593
67201
1569
99329
100001
1057
67105
641
100001
98337
65697
32897
98945
