16[1]
8[2] 24[2] 
4[3] 12[3] 20[3] 28[3] 
2[4] 6[4] 10[4] 14[4] 18[4] 22[4] 26[4] 30[4] 
1[5] 3[5] 5[5] 7[5] 9[5] 11[5] 13[5] 15[5] 17[5] 19[5] 21[5] 23[5] 25[5] 27[5] 29[5] 31[5] 

Value	Search Cost
16		1
8		2
24		2
4		3
12		3
20		3
28		3
2		4
6		4
10		4
14		4
18		4
22		4
26		4
30		4
1		5
3		5
5		5
7		5
9		5
11		5
13		5
15		5
17		5
19		5
21		5
23		5
25		5
27		5
29		5
31		5
The total number of node is 31.
The search cost over all codes in the tree is 1 + 2 + 2 + 3 + 3 + 3 + 3 + 4 + 4 + 4 + 4 + 4 + 4 + 4 + 4 + 5 + 5 + 5 + 5 + 5 + 5 + 5 + 5 + 5 + 5 + 5 + 5 + 5 + 5 + 5 + 5 = 129
Average search cost is: 4.16129
In order: 
1[5] 2[4] 3[5] 4[3] 5[5] 6[4] 7[5] 8[2] 9[5] 10[4] 11[5] 12[3] 13[5] 14[4] 15[5] 16[1] 17[5] 18[4] 19[5] 20[3] 21[5] 22[4] 23[5] 24[2] 25[5] 26[4] 27[5] 28[3] 29[5] 30[4] 31[5] 

